0,	18,	-1,	-1,	3
1,	14,	-1,	-1,	22500
2,	22,	-1,	-1,	-1
3,	10,	32500,	-1,	2502
4,	14,	-1,	-1,	40000
5,	14,	-1,	-1,	2502
6,	0,	32501,	32502,	22500
7,	0,	22500,	32500,	22501
8,	0,	22501,	32503,	22502
9,	0,	22502,	32504,	22503
10,	0,	22503,	32505,	22504
11,	0,	22504,	32506,	22505
12,	10,	22505,	-1,	2500
13,	14,	-1,	-1,	40000
14,	14,	-1,	-1,	2500
15,	1,	32504,	32502,	22506
16,	1,	22506,	32501,	22507
17,	10,	22507,	-1,	2500
18,	14,	-1,	-1,	40000
19,	14,	-1,	-1,	2500
20,	10,	40001,	-1,	10000
21,	14,	-1,	-1,	40000
22,	14,	-1,	-1,	10000
23,	10,	37500,	-1,	7500
24,	0,	32502,	32503,	22508
25,	10,	22508,	-1,	2500
26,	14,	-1,	-1,	32507
27,	19,	-1,	-1,	fibonacci
28,	21,	2500,	-1,	param1
29,	20,	-1,	-1,	1
30,	14,	-1,	-1,	2500
